1	597,3	0,80	19,5
2	412,3	0,55	-17,5
3	585,6	0,78	17,2
4	212,6	0,28	-57,5
5	469,6	0,63	-6,0
6	297,9	0,40	-40,4
7	729,5	0,97	46,0
8	299,3	0,40	-40,1
9	342,6	0,46	-31,4
10	344,9	0,46	-31,0
11	287,6	0,38	-42,4
12	269,1	0,36	-46,1
13	395,4	0,53	-20,9
14	733,0	0,98	46,7
15	351,3	0,47	-29,7
16	1.003,3	1,34	100,8
17	771,2	1,03	54,3
18	37,8	0,05	-92,4
19	59,1	0,08	-88,2
20	19,3	0,03	-96,1
21	12,9	0,02	-97,4
22	4,8	0,01	-99,0
23	5,9	0,01	-98,8
24	6,5	0,01	-98,7
25	20,3	0,03	-95,9
26	31,3	0,04	-93,7
27	25,8	0,03	-94,8
28	13,7	0,02	-97,3
29	26,9	0,04	-94,6
30	337,9	0,45	-32,4
31	629,4	0,84	26,0

1	254,2	0,34	-84,7
2	274,7	0,37	-83,4
3	143,7	0,19	-91,3
4	445,6	0,59	-73,1
5	1.206,9	1,61	-27,3
6	130,1	0,17	-92,2
7	829,6	1,11	-50,0
8	2.045,8	2,73	23,3
9	2.145,3	2,86	29,3
10	617,2	0,82	-62,8
11	238,9	0,32	-85,6
12	377,9	0,50	-77,2
13	584,6	0,78	-64,8
14	795,4	1,06	-52,1
15	2.491,1	3,32	50,1
16	2.166,8	2,89	30,6
17	670,6	0,89	-59,6
18	506,7	0,68	-69,5
19	733,9	0,98	-55,8
20	1.427,5	1,90	-14,0
21	758,9	1,01	-54,3
22	852,0	1,14	-48,7
23	1.356,9	1,81	-18,2
24	611,3	0,82	-63,2
25	406,6	0,54	-75,5
26	51,6	0,07	-96,9
27	193,3	0,26	-88,4
28	1.127,8	1,50	-32,0

1	2.968,3	3,96	32,0
2	3.540,4	4,72	57,5
3	811,5	1,08	-63,9
4	815,4	1,09	-63,7
5	1.077,2	1,44	-52,1
6	1.025,3	1,37	-54,4
7	1.599,8	2,13	-28,8
8	414,6	0,55	-81,6
9	706,3	0,94	-68,6
10	1.861,6	2,48	-17,2
11	1.164,8	1,55	-48,2
12	2.332,8	3,11	3,7
13	1.324,5	1,77	-41,1
14	1.002,8	1,34	-55,4
15	1.687,0	2,25	-25,0
16	4.123,8	5,50	83,4
17	3.403,0	4,54	51,3
18	3.138,8	4,19	39,6
19	2.173,3	2,90	-3,3
20	1.227,4	1,64	-45,4
21	1.779,4	2,37	-20,9
22	2.958,6	3,95	31,6
23	1.389,0	1,85	-38,2
24	1.245,6	1,66	-44,6
25	2.074,9	2,77	-7,7
26	1.378,4	1,84	-38,7
27	1.630,2	2,17	-27,5
28	2.728,1	3,64	21,3
29	1.444,1	1,93	-35,8
30	1.733,2	2,31	-22,9
31	1.354,3	1,81	-39,8

1	1.934,7	2,58	-31,9
2	516,2	0,69	-81,8
3	1.823,2	2,43	-35,8
4	3.335,7	4,45	17,5
5	2.603,7	3,47	-8,3
6	3.642,5	4,86	28,3
7	3.095,3	4,13	9,0
8	945,3	1,26	-66,7
9	3.753,8	5,01	32,2
10	4.135,5	5,52	45,6
11	2.354,0	3,14	-17,1
12	3.624,0	4,83	27,6
13	2.258,7	3,01	-20,5
14	647,2	0,86	-77,2
15	1.030,0	1,37	-63,7
16	2.281,6	3,04	-19,7
17	1.001,4	1,34	-64,7
18	448,3	0,60	-84,2
19	2.995,5	4,00	5,5
20	1.211,5	1,62	-57,3
21	4.154,7	5,54	46,3
22	4.759,8	6,35	67,6
23	2.080,3	2,77	-26,7
24	2.563,9	3,42	-9,7
25	1.653,0	2,20	-41,8
26	2.504,6	3,34	-11,8
27	3.864,4	5,15	36,1
28	1.641,8	2,19	-42,2
29	1.128,8	1,51	-60,2
30	3.843,1	5,13	35,3

1	4.407,2	5,88	60,4
2	2.593,6	3,46	-5,6
3	4.860,7	6,48	76,9
4	4.755,1	6,34	73,0
5	4.401,8	5,87	60,2
6	2.300,2	3,07	-16,3
7	2.249,0	3,00	-18,2
8	4.948,3	6,60	80,1
9	5.209,5	6,95	89,6
10	3.992,8	5,33	45,3
11	3.574,1	4,77	30,1
12	2.433,0	3,25	-11,5
13	3.184,9	4,25	15,9
14	3.023,0	4,03	10,0
15	2.927,7	3,90	6,5
16	1.333,9	1,78	-51,5
17	3.362,7	4,49	22,4
18	4.192,8	5,59	52,6
19	4.273,7	5,70	55,5
20	4.244,0	5,66	54,4
21	4.532,1	6,04	64,9
22	4.348,7	5,80	58,2
23	967,0	1,29	-64,8
24	3.277,9	4,37	19,3
25	5.242,2	6,99	90,8
26	4.744,2	6,33	72,6
27	5.225,9	6,97	90,2
28	5.237,3	6,99	90,6
29	4.942,1	6,59	79,8
30	5.354,0	7,14	94,8
31	5.198,9	6,93	89,2

1	4.815,2	6,42	43,5
2	3.009,3	4,01	-10,3
3	5.337,7	7,12	59,0
4	5.307,1	7,08	58,1
5	3.484,1	4,65	3,8
6	1.329,3	1,77	-60,4
7	2.003,6	2,67	-40,3
8	2.523,6	3,37	-24,8
9	4.556,2	6,08	35,8
10	4.176,5	5,57	24,4
11	5.172,0	6,90	54,1
12	4.904,2	6,54	46,1
13	3.669,7	4,89	9,3
14	3.764,0	5,02	12,2
15	2.421,3	3,23	-27,9
16	2.642,3	3,52	-21,3
17	3.524,5	4,70	5,0
18	4.452,4	5,94	32,7
19	3.272,0	4,36	-2,5
20	3.031,4	4,04	-9,7
21	4.327,2	5,77	28,9
22	4.458,7	5,95	32,9
23	1.718,0	2,29	-48,8
24	4.338,8	5,79	29,3
25	4.464,1	5,95	33,0
26	4.353,7	5,81	29,7
27	3.555,0	4,74	5,9
28	4.402,6	5,87	31,2
29	5.167,9	6,89	54,0
30	2.305,5	3,08	-31,3

1	4.072,0	5,43	25,4
2	3.487,3	4,65	7,4
3	3.754,6	5,01	15,6
4	4.541,6	6,06	39,8
5	3.434,1	4,58	5,7
6	4.357,3	5,81	34,2
7	5.073,3	6,77	56,2
8	4.535,8	6,05	39,7
9	4.810,7	6,42	48,1
10	3.258,6	4,35	0,3
11	4.755,0	6,34	46,4
12	2.850,8	3,80	-12,2
13	3.645,8	4,86	12,3
14	4.186,5	5,58	28,9
15	4.616,3	6,16	42,1
16	4.030,2	5,38	24,1
17	4.216,1	5,62	29,8
18	4.224,3	5,63	30,1
19	3.628,7	4,84	11,7
20	2.525,6	3,37	-22,2
21	2.397,6	3,20	-26,2
22	2.558,8	3,41	-21,2
23	3.246,7	4,33	0,0
24	2.787,2	3,72	-14,2
25	1.734,5	2,31	-46,6
26	3.493,1	4,66	7,6
27	2.163,7	2,89	-33,4
28	2.137,6	2,85	-34,2
29	3.012,1	4,02	-7,3
30	2.613,6	3,49	-19,5
31	2.162,2	2,88	-33,4

1	2.232,8	2,98	-25,5
2	2.629,1	3,51	-12,3
3	3.097,6	4,13	3,3
4	2.390,0	3,19	-20,3
5	1.485,9	1,98	-50,4
6	1.502,6	2,00	-49,9
7	1.992,8	2,66	-33,5
8	2.057,5	2,74	-31,4
9	3.150,4	4,20	5,1
10	4.001,8	5,34	33,5
11	4.541,1	6,06	51,5
12	3.337,1	4,45	11,3
13	3.197,2	4,26	6,6
14	3.555,3	4,74	18,6
15	2.877,4	3,84	-4,0
16	1.898,7	2,53	-36,7
17	2.124,0	2,83	-29,2
18	3.883,1	5,18	29,5
19	3.851,0	5,14	28,5
20	3.409,0	4,55	13,7
21	3.583,9	4,78	19,5
22	3.553,0	4,74	18,5
23	3.831,0	5,11	27,8
24	3.728,7	4,97	24,4
25	2.729,5	3,64	-9,0
26	2.932,4	3,91	-2,2
27	1.067,7	1,42	-64,4
28	763,4	1,02	-74,5
29	961,2	1,28	-67,9
30	2.179,0	2,91	-27,3
31	2.845,7	3,80	-5,1

1	2.140,2	2,85	-17,1
2	1.843,8	2,46	-28,6
3	2.494,4	3,33	-3,4
4	4.298,1	5,73	66,5
5	4.250,6	5,67	64,7
6	4.230,1	5,64	63,9
7	4.140,4	5,52	60,4
8	4.178,0	5,57	61,8
9	4.143,9	5,53	60,5
10	4.042,0	5,39	56,6
11	3.916,2	5,22	51,7
12	3.690,3	4,92	42,9
13	1.736,7	2,32	-32,7
14	1.633,1	2,18	-36,7
15	3.960,9	5,28	53,4
16	3.990,3	5,32	54,6
17	3.629,5	4,84	40,6
18	2.128,5	2,84	-17,6
19	2.702,9	3,61	4,7
20	3.379,1	4,51	30,9
21	3.611,0	4,82	39,9
22	995,0	1,33	-61,5
23	2.372,0	3,16	-8,1
24	2.135,5	2,85	-17,3
25	2.816,7	3,76	9,1
26	3.495,5	4,66	35,4
27	3.454,8	4,61	33,8
28	3.536,1	4,72	37,0
29	2.276,1	3,04	-11,8
30	2.721,9	3,63	5,4

1	2.183,5	2,91	45,7
2	3.191,6	4,26	112,9
3	2.080,0	2,77	38,8
4	1.678,0	2,24	11,9
5	1.976,7	2,64	31,9
6	2.876,9	3,84	91,9
7	955,3	1,27	-36,3
8	1.166,9	1,56	-22,2
9	223,0	0,30	-85,1
10	1.320,7	1,76	-11,9
11	2.631,6	3,51	75,6
12	492,5	0,66	-67,1
13	1.216,5	1,62	-18,8
14	1.096,1	1,46	-26,9
15	1.459,4	1,95	-2,6
16	1.242,2	1,66	-17,1
17	1.628,9	2,17	8,7
18	2.053,0	2,74	37,0
19	788,8	1,05	-47,4
20	405,7	0,54	-72,9
21	2.152,1	2,87	43,6
22	1.850,3	2,47	23,4
23	1.734,1	2,31	15,7
24	693,6	0,93	-53,7
25	1.673,1	2,23	11,6
26	526,2	0,70	-64,9
27	354,5	0,47	-76,4
28	946,4	1,26	-36,9
29	794,5	1,06	-47,0
30	1.185,7	1,58	-20,9
31	636,8	0,85	-57,5

1	1.016,4	1,36	-1,6
2	708,1	0,94	-31,4
3	472,9	0,63	-54,2
4	1.635,6	2,18	58,4
5	836,9	1,12	-19,0
6	822,3	1,10	-20,4
7	911,1	1,22	-11,8
8	628,3	0,84	-39,2
9	900,2	1,20	-12,8
10	565,6	0,75	-45,2
11	351,5	0,47	-66,0
12	903,2	1,20	-12,5
13	505,3	0,67	-51,1
14	566,2	0,76	-45,2
15	356,9	0,48	-65,4
16	621,4	0,83	-39,8
17	160,7	0,21	-84,4
18	655,2	0,87	-36,6
19	495,8	0,66	-52,0
20	474,6	0,63	-54,0
21	170,6	0,23	-83,5
22	59,9	0,08	-94,2
23	260,6	0,35	-74,8
24	420,7	0,56	-59,3
25	50,7	0,07	-95,1
26	37,5	0,05	-96,4
27	397,3	0,53	-61,5
28	13,0	0,02	-98,7
29	23,6	0,03	-97,7
30	2,6	0,00	-99,7

1	3,3	0,00	-99,6
2	4,5	0,01	-99,4
3	5,6	0,01	-99,3
4	13,0	0,02	-98,3
5	128,5	0,17	-82,9
6	186,7	0,25	-75,1
7	65,3	0,09	-91,3
8	310,7	0,41	-58,5
9	699,1	0,93	-6,7
10	318,8	0,43	-57,5
11	380,8	0,51	-49,2
12	405,4	0,54	-45,9
13	532,7	0,71	-28,9
14	90,4	0,12	-87,9
15	321,9	0,43	-57,1
16	414,6	0,55	-44,7
17	695,7	0,93	-7,2
18	726,0	0,97	-3,1
19	309,8	0,41	-58,7
20	570,6	0,76	-23,9
21	151,1	0,20	-79,8
22	238,1	0,32	-68,2
23	7,9	0,01	-98,9
24	350,2	0,47	-53,3
25	193,1	0,26	-74,2
26	221,8	0,30	-70,4
27	766,7	1,02	2,3
28	401,0	0,53	-46,5
29	465,4	0,62	-37,9
30	432,7	0,58	-42,3
31	482,5	0,64	-35,6
