1	8,0	0,82	33,7
2	4,0	0,41	-33,9
3	11,5	1,18	91,7
4	1,3	0,13	-78,4
5	10,4	1,07	73,5
6	3,9	0,40	-34,6
7	7,8	0,81	30,7
8	3,4	0,35	-43,2
9	4,6	0,47	-23,1
10	4,9	0,50	-18,2
11	3,1	0,32	-48,7
12	3,1	0,32	-48,1
13	6,2	0,63	2,7
14	12,0	1,23	100,1
15	3,5	0,35	-42,5
16	19,3	1,98	221,6
17	15,5	1,59	157,7
18	0	0	-100,0
19	3,8	0,39	-37,1
20	0,8	0,08	-86,6
21	1,0	0,10	-83,2
22	0,2	0,02	-96,8
23	0,9	0,09	-84,6
24	1,1	0,12	-81,2
25	1,5	0,15	-75,2
26	1,0	0,11	-82,7
27	1,3	0,13	-79,2
28	1,7	0,17	-71,6
29	6,4	0,65	5,9
30	10,5	1,08	74,8
31	8,1	0,83	34,2

1	3,9	0,40	-80,5
2	5,0	0,52	-74,7
3	1,4	0,14	-93,0
4	16,3	1,68	-18,1
5	16,3	1,68	-18,1
6	6,5	0,66	-67,5
7	29,8	3,06	49,6
8	31,9	3,27	60,0
9	32,9	3,38	65,2
10	7,5	0,77	-62,3
11	2,7	0,27	-86,6
12	4,9	0,50	-75,3
13	7,4	0,76	-62,8
14	6,1	0,63	-69,4
15	37,0	3,80	85,5
16	31,1	3,19	56,0
17	6,0	0,61	-70,0
18	6,3	0,64	-68,5
19	17,0	1,74	-14,9
20	17,6	1,80	-11,9
21	5,0	0,51	-75,0
22	10,1	1,04	-49,4
23	16,2	1,66	-18,8
24	7,4	0,76	-62,6
25	8,8	0,90	-56,1
26	1,3	0,14	-93,4
27	13,4	1,37	-33,0
28	37,4	3,84	87,8

1	41,8	4,29	54,7
2	42,7	4,39	58,2
3	5,5	0,57	-79,5
4	9,6	0,99	-64,3
5	10,6	1,09	-60,8
6	13,2	1,36	-51,0
7	18,6	1,91	-31,0
8	3,1	0,32	-88,6
9	7,8	0,80	-71,0
10	20,2	2,07	-25,2
11	9,6	0,98	-64,5
12	27,2	2,79	0,6
13	11,3	1,16	-58,3
14	17,0	1,75	-37,0
15	21,4	2,19	-20,9
16	50,1	5,14	85,5
17	41,4	4,25	53,3
18	37,6	3,86	39,3
19	24,1	2,48	-10,7
20	14,7	1,51	-45,7
21	19,6	2,01	-27,4
22	37,2	3,82	37,6
23	14,7	1,51	-45,7
24	14,0	1,43	-48,3
25	30,9	3,17	14,3
26	16,7	1,72	-38,1
27	34,4	3,53	27,2
28	40,6	4,17	50,5
29	15,4	1,58	-42,8
30	21,2	2,18	-21,5
31	14,8	1,52	-45,0

1	21,9	2,25	-35,8
2	6,6	0,68	-80,5
3	22,8	2,34	-33,1
4	54,2	5,57	59,0
5	38,7	3,97	13,4
6	57,4	5,89	68,2
7	28,5	2,93	-16,3
8	11,6	1,19	-66,0
9	40,5	4,16	18,7
10	56,8	5,83	66,5
11	23,9	2,45	-29,9
12	42,8	4,39	25,4
13	34,0	3,50	-0,2
14	7,0	0,72	-79,5
15	11,3	1,16	-66,9
16	35,6	3,65	4,3
17	12,1	1,24	-64,6
18	5,5	0,56	-84,0
19	34,0	3,49	-0,3
20	17,9	1,84	-47,5
21	58,4	5,99	71,1
22	59,8	6,14	75,3
23	26,5	2,72	-22,4
24	38,4	3,95	12,7
25	22,1	2,26	-35,3
26	31,0	3,19	-9,0
27	47,0	4,83	37,9
28	20,5	2,11	-39,8
29	14,1	1,45	-58,5
30	64,2	6,59	88,3

1	54,4	5,59	64,9
2	31,0	3,18	-6,2
3	62,5	6,42	89,4
4	54,2	5,56	64,1
5	51,7	5,31	56,6
6	21,0	2,15	-36,5
7	18,9	1,94	-42,9
8	63,5	6,52	92,3
9	68,0	6,98	106,1
10	52,3	5,37	58,6
11	48,3	4,96	46,4
12	38,4	3,94	16,2
13	35,0	3,59	5,9
14	41,1	4,22	24,4
15	29,2	2,99	-11,6
16	12,8	1,31	-61,2
17	54,1	5,56	64,0
18	47,9	4,92	45,1
19	48,4	4,96	46,5
20	50,1	5,14	51,7
21	51,3	5,26	55,3
22	57,5	5,91	74,3
23	21,5	2,20	-35,0
24	51,9	5,33	57,4
25	64,8	6,65	96,4
26	60,4	6,20	82,9
27	64,1	6,58	94,2
28	64,1	6,58	94,2
29	57,8	5,93	75,0
30	66,2	6,80	100,6
31	64,9	6,67	96,7

1	65,4	6,71	62,1
2	37,4	3,84	-7,2
3	66,4	6,82	64,8
4	64,7	6,65	60,6
5	42,2	4,33	4,7
6	15,6	1,60	-61,3
7	33,0	3,39	-18,1
8	41,4	4,25	2,6
9	62,3	6,39	54,5
10	47,3	4,86	17,3
11	58,1	5,96	44,1
12	65,1	6,68	61,5
13	36,5	3,74	-9,5
14	50,3	5,17	24,9
15	42,7	4,38	5,9
16	25,5	2,62	-36,7
17	45,7	4,69	13,3
18	61,8	6,35	53,4
19	36,1	3,71	-10,3
20	34,0	3,50	-15,5
21	54,7	5,62	35,7
22	49,9	5,12	23,8
23	17,5	1,80	-56,6
24	54,1	5,56	34,3
25	45,4	4,66	12,7
26	55,4	5,69	37,4
27	48,4	4,97	20,1
28	50,9	5,22	26,2
29	60,7	6,24	50,7
30	25,4	2,61	-36,9

1	48,3	4,96	23,8
2	46,8	4,81	20,1
3	54,3	5,57	39,2
4	56,4	5,79	44,6
5	43,5	4,46	11,4
6	60,4	6,20	54,8
7	61,6	6,32	57,8
8	56,5	5,80	44,9
9	58,3	5,98	49,4
10	43,8	4,50	12,4
11	56,8	5,84	45,7
12	39,0	4,00	0,0
13	52,4	5,38	34,4
14	56,0	5,75	43,6
15	55,7	5,72	42,8
16	50,9	5,23	30,6
17	59,0	6,06	51,3
18	58,6	6,02	50,4
19	49,0	5,03	25,6
20	32,0	3,29	-17,9
21	27,4	2,81	-29,7
22	53,5	5,49	37,1
23	38,6	3,96	-1,0
24	33,5	3,44	-14,1
25	21,0	2,15	-46,2
26	44,6	4,57	14,2
27	23,3	2,40	-40,1
28	38,2	3,92	-2,0
29	33,7	3,46	-13,6
30	38,5	3,95	-1,4
31	18,4	1,89	-52,9

1	27,8	2,86	-22,7
2	26,7	2,74	-26,0
3	40,6	4,17	12,8
4	35,3	3,62	-2,0
5	18,4	1,89	-49,0
6	18,2	1,87	-49,4
7	29,9	3,07	-17,0
8	25,3	2,60	-29,8
9	50,3	5,16	39,6
10	51,2	5,26	42,2
11	56,7	5,82	57,4
12	39,3	4,04	9,2
13	41,9	4,30	16,4
14	41,7	4,28	15,8
15	38,9	3,99	8,0
16	29,7	3,05	-17,5
17	42,2	4,33	17,1
18	46,5	4,77	29,1
19	51,9	5,32	44,0
20	44,4	4,56	23,2
21	49,0	5,03	36,0
22	41,9	4,30	16,3
23	52,4	5,38	45,7
24	42,0	4,32	16,7
25	31,2	3,20	-13,3
26	33,0	3,39	-8,3
27	11,3	1,16	-68,6
28	8,4	0,86	-76,7
29	9,4	0,97	-73,9
30	30,3	3,11	-15,8
31	34,1	3,50	-5,3

1	26,5	2,72	-14,5
2	22,0	2,26	-29,1
3	35,7	3,67	15,1
4	51,9	5,33	67,4
5	52,5	5,39	69,4
6	51,4	5,28	65,8
7	51,1	5,25	64,8
8	50,2	5,15	61,9
9	49,9	5,12	60,9
10	47,4	4,87	52,9
11	45,6	4,68	47,1
12	43,4	4,46	40,0
13	27,4	2,81	-11,6
14	22,0	2,26	-29,0
15	48,5	4,98	56,4
16	47,5	4,88	53,2
17	42,8	4,39	38,0
18	27,7	2,84	-10,7
19	39,6	4,07	27,7
20	43,3	4,45	39,6
21	45,6	4,68	47,1
22	10,4	1,07	-66,5
23	27,7	2,84	-10,7
24	29,5	3,03	-4,9
25	39,3	4,04	26,8
26	41,1	4,22	32,6
27	40,5	4,16	30,6
28	40,2	4,13	29,7
29	23,7	2,43	-23,6
30	36,2	3,72	16,8

1	24,4	2,51	35,5
2	34,7	3,56	92,8
3	21,7	2,23	20,5
4	24,0	2,46	33,3
5	24,9	2,56	38,3
6	31,9	3,28	77,2
7	11,2	1,15	-37,8
8	13,6	1,40	-24,5
9	2,2	0,23	-87,8
10	16,7	1,71	-7,2
11	31,8	3,27	76,7
12	5,2	0,53	-71,1
13	9,6	0,99	-46,7
14	17,5	1,80	-2,8
15	22,0	2,26	22,2
16	10,2	1,05	-43,3
17	20,9	2,15	16,1
18	29,0	2,98	61,1
19	7,3	0,75	-59,5
20	2,3	0,24	-87,2
21	30,2	3,10	67,7
22	22,8	2,34	26,6
23	25,2	2,59	40,0
24	8,9	0,91	-50,6
25	24,4	2,51	35,6
26	8,5	0,87	-52,8
27	3,1	0,32	-82,8
28	16,9	1,74	-6,1
29	4,5	0,46	-75,0
30	14,5	1,49	-19,5
31	6,4	0,66	-64,5

1	11,1	1,14	-10,5
2	10,0	1,03	-19,4
3	5,4	0,55	-56,5
4	25,3	2,60	104,0
5	10,4	1,07	-16,1
6	19,5	2,00	57,3
7	19,6	2,01	58,0
8	8,2	0,84	-33,9
9	13,3	1,37	7,2
10	7,7	0,79	-37,8
11	4,4	0,45	-64,5
12	12,6	1,29	1,6
13	7,8	0,80	-37,1
14	10,9	1,12	-12,1
15	3,1	0,32	-75,0
16	9,9	1,02	-20,2
17	1,3	0,13	-89,5
18	7,3	0,75	-41,1
19	8,5	0,87	-31,5
20	5,0	0,51	-59,7
21	1,2	0,12	-90,3
22	2,1	0,22	-83,1
23	3,0	0,31	-75,8
24	2,3	0,24	-81,4
25	5,0	0,51	-59,7
26	0,5	0,05	-95,8
27	2,3	0,24	-81,5
28	0	0	-100,0
29	0,4	0,04	-96,7
30	0,4	0,04	-96,7

1	0	0	-100,0
2	0	0	-100,0
3	0	0	-100,0
4	0,6	0,06	-93,2
5	1,2	0,12	-86,7
6	0,9	0,09	-90,0
7	0,3	0,03	-96,6
8	6,8	0,70	-24,4
9	5,8	0,60	-35,1
10	4,3	0,44	-52,2
11	10,8	1,11	20,0
12	8,7	0,89	-3,3
13	6,0	0,62	-33,3
14	0,8	0,08	-91,1
15	5,4	0,55	-40,0
16	5,4	0,56	-39,9
17	12,2	1,25	35,6
18	13,6	1,40	51,6
19	3,2	0,33	-64,4
20	11,6	1,19	29,0
21	2,1	0,22	-76,6
22	3,4	0,35	-62,2
23	0,5	0,05	-94,4
24	5,4	0,55	-40,0
25	2,6	0,27	-71,1
26	5,3	0,54	-41,1
27	11,4	1,17	26,6
28	4,6	0,47	-48,9
29	6,9	0,71	-23,4
30	4,8	0,49	-46,7
31	7,5	0,77	-16,6
